-73 -1297
1192 935
445 -1410
-51 1028
829 1361
-827 694
1427 224
1255 1653
-1177 780
1442 1802
-548 1200
1089 860
1464 617
-455 1478
-429 309
-156 1408
1370 1216
1153 -525
-727 774
-1291 -1221
1032 1317
-1410 -1385
1123 -450
890 592
-1651 1645
1308 415
1697 -1442
-1543 -1354
-282 911
863 -65
-1023 1578
84 1586
479 -750
788 -158
-763 -913
156 1695
-542 1663
1739 -371
824 -1364
-336 57
60 284
-1547 1231
-1192 526
667 1221
-1821 -178
803 -32
1726 1763
409 1546
-223 -415
-1289 -769
-1005 1283
-1444 793
-97 1334
1496 -487
472 630
-1079 1223
-1055 -458
-1889 65
1545 1026
142 890
-920 1676
-721 172
1292 -1326
1898 1720
-929 938
-1788 -1536
750 -1734
-668 1228
1577 324
1577 906
1368 -1702
-613 1081
-1904 -585
-991 740
1630 370
1660 -570
-1539 1018
809 -672
-1518 388
1036 1308
-1649 1573
580 392
-1638 -692
-1214 541
-277 1706
1675 -1307
-1205 -1732
883 588
-480 438
-1221 1153
1872 329
-1552 145
-1667 -1457
-1243 -453
-1492 1134
1074 1661
437 -1716
1296 299
957 -844
-716 -369
974 509
-1688 -80
-1078 -1644
-505 -372
-1855 751
807 96
1020 287
786 1273
337 -346
621 1720
-1847 1257
1842 338
-183 -1392
-1814 -1194
-98 -1137
1277 265
1425 351
-300 -1635
700 487
-904 1173
668 1546
1120 852
118 596
-1392 -301
315 -563
-1416 -1700
-1538 1287
-1223 1432
-994 715
-929 -735
892 -1683
-1900 -300
-694 1530
1854 -1399
-1281 935
1564 -1158
645 1906
-585 -608
-860 -780
1633 -648
-1164 -855
371 613
1319 -1173
1508 -820
-1042 1878
1733 -1620
-646 213
740 -291
1359 1732
-73 504
-159 1631
-1397 -1357
846 -1637
601 -138
1777 1880
1358 532
1691 1619
-1044 1524
110 -1775
-1338 197
1075 -188
216 221
-57 565
-1028 94
-510 474
-1254 -1429
1785 -415
1760 -1055
-1304 -1010
-1534 -1859
-1781 1545
-1062 560
-1096 -1128
-135 -1870
-1868 1006
-1841 -914
1164 -1077
227 -1073
1208 -1277
-1242 -364
-952 644
-1290 -1188
-1762 103
-99 -367
739 1543
-1326 -864
-369 -1191
-1461 532
-1118 -1065
1695 1272
-1858 -1614
614 -798
-211 -1029
-1859 -163
891 -1162
-979 -1194
213 79
1385 854
-696 -863
1876 1191
-325 -1030
287 1890
-1295 -1888
-1655 685
230 1331
-1038 -1828
-1264 1711
61 1186
462 -185
1106 -1521
353 -1645
-1667 -1042
-992 -1643
-822 1338
-119 995
481 1749
520 -1818
1648 693
-431 1176
994 1695
-211 245
696 546
829 116
418 150
553 -874
-1109 646
-284 1837
-389 457
-399 1846
835 -239
1445 1841
-276 642
-331 -1825
397 -885
39 1309
-802 -1386
-1744 1332
-606 -464
-1259 -1212
411 -1560
-703 70
-1882 79
1469 1310
906 1136
-1565 1137
-1330 -1281
396 748
117 87
911 -1482
-1163 1771
1859 85
448 -132
-736 395
1765 -738
854 -289
-562 83
-464 -1361
-355 466
-1390 1736
915 -1790
1287 -134
1023 1709
-286 1908
499 189
1529 1804
-1074 1806
810 1545
-775 562
1401 -1152
-90 1218
-1403 -1779
-1087 -772
577 -792
621 -1085
-1234 1895
771 -1519
-93 1179
-325 1607
-1194 203
-667 1109
-1678 -813
1844 -1421
-170 -340
-1646 1287
1795 274
-84 -1738
-1253 763
1157 1910
1115 -682
-1175 -1045
-338 -863
-1006 -1335
-1662 1230
-1598 -211
-44 1648
-477 1279
940 1632
1304 973
-176 -915
354 646
1808 -1485
352 -1515
1173 -1025
1799 -1424
-999 -426
1139 -349
502 -1877
556 963
1529 1621
984 -1008
1285 -274
540 1323
-1669 718
417 -934
-1665 -1342
-321 891
-1589 -106
-1310 33
411 -241
1859 -1560
1726 -1369
-105 -1091
1288 -1850
-641 -767
-1885 -881
172 1432
-1304 1598
784 538
939 -1574
-1789 -526
684 833
1702 293
-198 1669
1738 -1721
-1200 -1095
-32 727
-44 -515
66 1292
470 -1097
1095 -353
-140 804
127 37
-1681 -380
1583 1125
1819 -1507
518 1626
993 -328
542 -800
1396 1778
332 -586
782 -427
-870 522
899 1003
-1308 -1897
282 -505
412 -1873
-1900 851
-1802 1521
-1794 326
1848 339
-1557 -907
-1446 -473
-1265 1118
-1566 -1250
-275 1079
-272 -203
-50 898
1124 1594
-143 -1760
-1643 -695
-1082 477
1201 -338
-942 -238
827 -876
-868 -1732
1053 -531
1911 -1230
1830 429
1334 -906
-597 1562
681 217
-1153 1731
1195 -1713
333 890
420 -394
1823 1569
1686 819
-1055 1791
-303 -910
1263 -315
1433 -1510
-518 1548
-1150 -1077
-1376 -1181
-798 -867
-231 -864
386 -1458
-1134 304
-665 -1226
1240 -767
-371 -952
-1452 -1731
979 -424
763 1677
-1405 1842
-1545 1175
-617 -632
1710 -1457
-1547 -1324
-440 -209
-1026 851
-459 563
-1476 -702
-1383 -657
-1400 -1381
393 -1381
-1588 568
-231 1266
-1693 -631
344 -966
-1654 -372
-616 -1232
273 877
-1691 -1377
-217 -882
526 -194
-1012 -1101
-1233 -821
-1369 764
1529 379
-195 -1373
548 -1738
1823 -1092
1377 605
-450 -1682
-746 -1641
704 331
773 1793
-1339 1217
-710 -510
-1460 381
906 256
-1412 -490
1677 -1036
870 514
-985 216
-1241 1320
1527 1811
-1489 1320
828 1273
-36 -1164
-321 -131
-1237 1619
1156 -451
1700 -128
-1216 -234
1073 -1047
-1028 -1647
1348 1541
1052 1770
707 -1711
1759 892
1674 -1240
1145 193
1345 -322
-1129 621
-1548 -1763
997 1766
1509 1042
1871 1823
1031 -1336
1652 -1279
-1892 717
-1865 968
-1206 316
1914 1255
-1724 817
1263 1738
97 -295
-1784 -887
-1120 -1638
605 895
-1112 -752
731 -1352
-1561 -1284
820 963
-630 666
-1828 758
158 654
931 -1606
-184 646
-1815 527
-783 272
-1003 -104
658 -59
275 550
1410 -1786
-534 -1687
874 -443
-1765 -58
-885 -496
1861 715
508 230
-263 -1869
269 -1244
180 714
-1285 199
-224 -1004
1224 42
-927 1586
884 480
1672 787
-122 -879
1325 1230
-1171 -1831
1605 -1191
1842 -269
825 -566
267 1288
1867 316
121 1237
1339 -1070
1002 1512
-96 -176
-1112 -1652
856 -55
1448 1058
348 -1398
449 -94
108 -1342
569 -1770
-1551 -1669
1550 -1519
232 1072
1264 202
721 -1141
1770 656
-1911 1057
-1614 1870
-1425 -1559
-333 -1147
-1097 1561
1775 262
-828 -1634
-1485 -1908
-1325 -1544
976 -1780
864 -652
50 -1220
996 1646
1400 -1017
-1674 1794
442 892
1500 -155
1289 1338
1583 1810
1764 1696
666 1726
395 81
-1273 -1492
-1914 -1708
-1894 -424
-1328 -824
-372 689
-469 516
52 -1562
-844 -1882
-314 152
1461 789
-1444 -1351
741 -1692
257 -517
1549 -1138
-197 1093
349 917
851 -865
-1179 -1617
-961 -834
-527 1553
1841 -861
1140 364
1264 -618
259 1066
1482 -880
991 -529
262 -758
1579 -644
-1404 -1554
-384 1461
-878 968
1712 1529
-1314 1490
-1577 1730
1176 399
-178 -236
1728 -1694
663 -1823
-1084 1057
-1392 -1701
317 -253
343 163
-328 1015
-1314 1785
-685 -145
267 1176
-1831 -484
1220 286
-728 1044
1583 -454
463 1800
-1675 1501
903 -937
-544 1835
-58 457
1866 1735
-1322 -1313
-178 1054
-948 617
1620 -1604
-412 249
1869 767
929 -1221
-582 1019
1491 -93
-1346 -1701
-1014 1128
154 -696
880 -1865
-540 687
1174 -253
-274 120
1564 -864
-1686 678
-1892 -783
1842 699
-1178 -1135
-332 1862
-1060 -1193
-822 1643
-36 -1297
1294 -641
488 1598
-1234 1086
951 -1845
409 401
-78 1172
-1058 -1812
-1240 -545
-538 566
-1163 1246
519 937
-1879 -716
684 -1815
1734 470
1132 -1321
-896 -285
1262 -758
1718 -76
-625 850
476 -250
1013 1561
-947 -1382
1768 899
1699 -1015
1349 -1164
1581 1384
1581 -1776
-31 -430
-103 824
-1507 -447
-790 -1024
-1241 987
-1568 88
980 -318
-484 -191
1780 535
491 954
1429 -579
-1080 493
-1836 1250
161 853
1065 -1026
-1803 -1263
964 -1062
-95 -336
-1731 -1166
758 1709
-78 1634
1757 -134
-1414 -841
825 -762
1192 -912
1588 -588
-125 851
-859 914
-1644 1374
859 187
-1306 1705
-384 -296
1253 -188
1610 423
847 -247
-530 -1719
-456 -1153
-1496 -268
810 -1187
-1222 849
1585 454
-179 -1791
369 -1143
-815 -1362
-608 1035
507 -1035
-1545 -1163
-369 -1020
-248 -1809
-914 -964
-1625 -1728
-1513 -1805
478 -1369
-652 713
1400 1144
514 -933
1789 532
266 -1801
1378 1856
-1295 -1739
281 1587
-902 1246
-45 -366
765 515
-1600 -722
1332 1535
-1177 592
1176 1561
1576 -235
818 -81
1176 -264
-866 -608
1621 -1449
-849 -1483
1209 -1431
-731 1128
-930 1327
882 -454
-1035 -35
-1877 130
-901 -443
1712 1147
661 -1149
-102 -592
-1644 -1231
-1743 -49
932 -203
233 1297
-1261 1791
-733 -649
1839 -1601
-445 285
-876 1604
838 1535
1187 -39
-114 -1004
1763 -1771
80 1347
1229 -1881
1207 -858
38 1590
-876 1828
1055 476
-1149 -417
-221 409
-1764 -807
411 -312
922 1619
-1688 -434
-1663 1310
506 -509
-184 355
1483 -789
-1228 -1573
409 -917
964 691
-863 119
-491 377
367 111
713 1761
-35 -1335
223 1618
911 -1490
-993 711
115 -1788
-1817 445
-1675 317
1766 504
-100 851
1265 290
273 498
451 616
1772 -1332
1794 -1013
-1243 -217
302 -942
-528 1165
-1319 176
700 1303
531 -1559
448 780
603 -748
-437 1339
1296 435
976 987
696 -1339
-1477 -1458
-541 -1402
757 -1299
574 -1679
1424 -1270
-110 -1741
877 670
734 -1782
412 362
96 -1118
-1277 990
636 854
-1118 -1152
83 -1079
-1449 -1679
-1472 326
893 917
1095 876
-1292 -1896
451 -1643
1305 1593
-1331 1637
-588 882
-1179 -1821
-1111 -693
732 568
-1111 -1820
1525 -139
-1598 898
-785 1615
1361 -1658
941 -1340
1793 1751
942 -421
909 -643
1086 838
1266 1340
-1210 605
-924 784
-1481 -165
1568 -56
-242 566
1814 798
-742 1548
-1431 -1396
-1807 1090
-208 -1196
-1328 -1286
152 616
-1306 -1143
1071 -306
160 -1525
-585 -1117
-1056 810
112 1598
-1338 -626
286 1769
-115 -646
-1482 149
-534 -978
-42 -1887
-1808 615
1123 485
-484 978
32 -856
-1089 -891
1241 -1459
-1520 694
-903 -1645
-788 405
1879 -657
-1903 -829
1282 1423
-546 -113
-1879 1203
1831 1194
-829 -1786
685 1550
86 -1531
-149 -706
-626 -462
-782 850
-1236 -699
-1220 -1502
668 1003
-722 1373
1644 -1643
315 896
198 -1092
990 315
-195 954
-1578 -599
1323 1128
187 954
1774 -558
433 1720
-1276 -1756
-1560 958
-1182 402
-1152 -1455
1441 -557
-1480 294
108 -404
-438 804
-518 -1412
674 1415
-1198 -1107
184 -239
514 1848
765 320
398 -577
505 -745
-1576 -388
-638 1381
1205 1400
-774 -465
-615 1405
775 -60
177 1829
-101 1151
-173 -387
1579 -276
-1090 -1208
1031 388
650 -1693
1037 358
1296 -649
201 1663
1495 575
473 -519
1816 1088
-951 -853
-256 -152
1593 1681
-548 -577
-57 -540
-992 -1599
852 1501
-1478 1125
1490 704
802 -790
-861 1173
-94 1765
-1865 1854
334 1828
