-2 8
1 0
3 5
9 4
-8 7
1 1
5 9
7 2
4 6
7 3
-9 6
1 2
-2 5
1 1
0 3
-3 4
5 7
-5 0
6 9
8 8
0 -2
5 1
4 3
7 9
1 -8
9 1
2 5
6 7
3 4
6 7
2 -9
5 1
1 -2
3 1
4 0
7 -3
0 5
9 -5
8 9
-2 8
1 0
3 5
9 4
-8 7
1 1
5 9
7 2
4 6
7 3
-9 6
1 2
-2 5
1 1
0 3
-3 4
5 7
-5 0
6 9
8 8
0 -2
5 1
4 3
7 9
1 -8
9 1
2 5
6 7
3 4
6 7
2 -9
5 1
1 -2
3 1
4 0
7 -3
0 5
9 -5
8 9
-2 8
1 0
3 5
9 4
-8 7
1 1
5 9
7 2
4 6
7 3
-9 6
1 2
-2 5
1 1
0 3
-3 4
5 7
-5 0
6 9
8 8
0 -2
5 1
4 3
7 9
1 -8
9 1
2 5
6 7
3 4
6 7
2 -9
5 1
1 -2
3 1
4 0
7 -3
0 5
9 -5
8 9
-2 8
1 0
3 5
9 4
-8 7
1 1
5 9
7 2
4 6
7 3
-9 6
1 2
-2 5
1 1
0 3
-3 4
5 7
-5 0
6 9
8 8
0 -2
5 1
4 3
7 9
1 -8
9 1
2 5
6 7
3 4
6 7
2 -9
5 1
1 -2
3 1
4 0
7 -3
0 5
9 -5
8 9
-2 8
1 0
3 5
9 4
-8 7
1 1
5 9
7 2
4 6
7 3
-9 6
1 2
-2 5
1 1
0 3
-3 4
5 7
-5 0
6 9
8 8
0 -2
5 1
4 3
7 9
1 -8
9 1
2 5
6 7
3 4
6 7
2 -9
5 1
1 -2
3 1
4 0
7 -3
0 5
9 -5
8 9
-2 8
1 0
3 5
9 4
-8 7
1 1
5 9
7 2
4 6
7 3
-9 6
1 2
-2 5
1 1
0 3
-3 4
5 7
-5 0
6 9
8 8
0 -2
5 1
4 3
7 9
1 -8
9 1
2 5
6 7
3 4
6 7
2 -9
5 1
1 -2
3 1
4 0
7 -3
0 5
9 -5
8 9
-2 8
1 0
3 5
9 4
-8 7
1 1
5 9
7 2
4 6
7 3
-9 6
1 2
-2 5
1 1
0 3
-3 4
5 7
-5 0
6 9
8 8
0 -2
5 1
4 3
7 9
1 -8
9 1
2 5
6 7
3 4
6 7
2 -9
5 1
1 -2
3 1
4 0
7 -3
0 5
9 -5
8 9
-2 8
1 0
3 5
9 4
-8 7
1 1
5 9
7 2
4 6
7 3
-9 6
1 2
-2 5
1 1
0 3
-3 4
5 7
-5 0
6 9
8 8
0 -2
5 1
4 3
7 9
1 -8
9 1
2 5
6 7
3 4
6 7
2 -9
5 1
1 -2
3 1
4 0
7 -3
0 5
9 -5
8 9
