-3 9
2 1
4 6
10 5
-9 8
2 2
6 10
8 3
5 7
8 4
-10 7
2 3
-3 6
2 2
1 4
-4 5
6 8
-6 1
7 10
9 9
1 -1
6 2
5 4
8 10
2 -7
10 2
3 6
7 8
4 5
7 8
3 -8
6 2
2 -1
4 2
5 1
8 -2
1 6
10 -4
9 10
-3 9
2 1
4 6
10 5
-9 8
2 2
6 10
8 3
5 7
8 4
-10 7
2 3
-3 6
2 2
1 4
-4 5
6 8
-6 1
7 10
9 9
1 -1
6 2
5 4
8 10
2 -7
10 2
3 6
7 8
4 5
7 8
3 -8
6 2
2 -1
4 2
5 1
8 -2
1 6
10 -4
9 10
-3 9
2 1
4 6
10 5
-9 8
2 2
6 10
8 3
5 7
8 4
-10 7
2 3
-3 6
2 2
1 4
-4 5
6 8
-6 1
7 10
9 9
1 -1
6 2
5 4
8 10
2 -7
10 2
3 6
7 8
4 5
7 8
3 -8
6 2
2 -1
4 2
5 1
8 -2
1 6
10 -4
9 10
-3 9
2 1
4 6
10 5
-9 8
2 2
6 10
8 3
5 7
8 4
-10 7
2 3
-3 6
2 2
1 4
-4 5
6 8
-6 1
7 10
9 9
1 -1
6 2
5 4
8 10
2 -7
10 2
3 6
7 8
4 5
7 8
3 -8
6 2
2 -1
4 2
5 1
8 -2
1 6
10 -4
9 10
-3 9
2 1
4 6
10 5
-9 8
2 2
6 10
8 3
5 7
8 4
-10 7
2 3
-3 6
2 2
1 4
-4 5
6 8
-6 1
7 10
9 9
1 -1
6 2
5 4
8 10
2 -7
10 2
3 6
7 8
4 5
7 8
3 -8
6 2
2 -1
4 2
5 1
8 -2
1 6
10 -4
9 10
-3 9
2 1
4 6
10 5
-9 8
2 2
6 10
8 3
5 7
8 4
-10 7
2 3
-3 6
2 2
1 4
-4 5
6 8
-6 1
7 10
9 9
1 -1
6 2
5 4
8 10
2 -7
10 2
3 6
7 8
4 5
7 8
3 -8
6 2
2 -1
4 2
5 1
8 -2
1 6
10 -4
9 10
-3 9
2 1
4 6
10 5
-9 8
2 2
6 10
8 3
5 7
8 4
-10 7
2 3
-3 6
2 2
1 4
-4 5
6 8
-6 1
7 10
9 9
1 -1
6 2
5 4
8 10
2 -7
10 2
3 6
7 8
4 5
7 8
3 -8
6 2
2 -1
4 2
5 1
8 -2
1 6
10 -4
9 10
-3 9
2 1
4 6
10 5
-9 8
2 2
6 10
8 3
5 7
8 4
-10 7
2 3
-3 6
2 2
1 4
-4 5
6 8
-6 1
7 10
9 9
1 -1
6 2
5 4
8 10
2 -7
10 2
3 6
7 8
4 5
7 8
3 -8
6 2
2 -1
4 2
5 1
8 -2
1 6
10 -4
9 10